[gd_scene load_steps=100 format=3 uid="uid://0xwiu8ojvx0l"]

[ext_resource type="PackedScene" uid="uid://b2b0kp0wya7bg" path="res://objects/terminal/terminal.tscn" id="1_npg4p"]
[ext_resource type="PackedScene" uid="uid://cycfgh6uhnl1h" path="res://objects/player/player.tscn" id="2_jdb5k"]
[ext_resource type="PackedScene" uid="uid://bdu1wpnvtayol" path="res://levels/world2_walls.tscn" id="3_p2an3"]
[ext_resource type="Script" path="res://objects/terminal/terminal_manager.gd" id="4_di0r8"]
[ext_resource type="Script" path="res://objects/utility/win_particles.gd" id="5_6iefq"]
[ext_resource type="PackedScene" uid="uid://dq65s848tahmh" path="res://levels/world55.gltf" id="6_jiq8n"]
[ext_resource type="PackedScene" uid="uid://02gwt6tshf8f" path="res://assets/GAMERIGEXPORTANIMS-2.glb" id="7_lh5t5"]
[ext_resource type="Script" path="res://objects/auditor/auditor.gd" id="8_2hgeu"]
[ext_resource type="Script" path="res://objects/auditor/vision_cone.gd" id="9_41cbq"]
[ext_resource type="Texture2D" uid="uid://bhb5e863sxlbc" path="res://assets/GAMERIGEXPORTANIMS-2_theoffice.png" id="9_dnrbx"]
[ext_resource type="Script" path="res://objects/auditor/hack_timer.gd" id="10_8udyv"]
[ext_resource type="Animation" uid="uid://bigpossu263a1" path="res://assets/walk_animation.res" id="10_gc7v4"]
[ext_resource type="AudioStream" uid="uid://chg5pn2vxvb82" path="res://assets/sounds/scary walk.wav" id="13_66xst"]
[ext_resource type="AudioStream" uid="uid://c8fxo60fpr5k6" path="res://assets/sounds/typing.mp3" id="14_fdi1w"]
[ext_resource type="PackedScene" uid="uid://brrv1kf1373be" path="res://assets/staticMeshesObjects/asScenes/SceneDeskCollli.tscn" id="15_d8rjv"]
[ext_resource type="PackedScene" uid="uid://cwxuljr8qvivr" path="res://assets/staticMeshesObjects/asScenes/ScenePrinterOvenColli.tscn" id="16_akn05"]
[ext_resource type="PackedScene" uid="uid://lfid8mliiemr" path="res://assets/staticMeshesObjects/asScenes/SceneFilingCabinetColli.tscn" id="17_cotwa"]
[ext_resource type="PackedScene" uid="uid://bdw6blbq7vniq" path="res://assets/staticMeshesObjects/asScenes/SceneServerWallColli.tscn" id="18_o8x5s"]

[sub_resource type="GDScript" id="GDScript_24u86"]
script/source = "extends CenterContainer

func _on_terminal_manager_win():
	visible = true	
"

[sub_resource type="GDScript" id="GDScript_8d8bx"]
script/source = "extends CenterContainer

func _on_player_die():
	visible = true
"

[sub_resource type="ProceduralSkyMaterial" id="ProceduralSkyMaterial_tobbq"]
sky_horizon_color = Color(0.647059, 0.654902, 0.670588, 1)
ground_horizon_color = Color(0.64625, 0.65575, 0.67075, 1)

[sub_resource type="Sky" id="Sky_2vkuy"]
sky_material = SubResource("ProceduralSkyMaterial_tobbq")

[sub_resource type="Environment" id="Environment_oofkt"]
background_mode = 2
sky = SubResource("Sky_2vkuy")
ambient_light_source = 3
ambient_light_color = Color(1, 1, 1, 1)
tonemap_mode = 2
fog_enabled = true
fog_light_color = Color(0, 0, 0, 1)
fog_density = 0.25
volumetric_fog_density = 0.25
volumetric_fog_albedo = Color(0, 0, 0, 1)

[sub_resource type="FastNoiseLite" id="FastNoiseLite_pxbw4"]
noise_type = 3

[sub_resource type="NoiseTexture2D" id="NoiseTexture2D_ieowm"]
resource_name = "_albedo"
noise = SubResource("FastNoiseLite_pxbw4")

[sub_resource type="StandardMaterial3D" id="StandardMaterial3D_e776h"]
albedo_color = Color(0.352941, 0.337255, 0.0431373, 1)
albedo_texture = SubResource("NoiseTexture2D_ieowm")

[sub_resource type="StandardMaterial3D" id="StandardMaterial3D_47g1u"]
resource_local_to_scene = true
albedo_color = Color(1, 0, 0, 1)
emission_enabled = true
emission = Color(1, 0, 0, 1)
emission_energy_multiplier = 4.54

[sub_resource type="BoxShape3D" id="BoxShape3D_fx50m"]
size = Vector3(3.05867, 3, 2.65918)

[sub_resource type="StandardMaterial3D" id="StandardMaterial3D_0xlgp"]
resource_local_to_scene = true
albedo_color = Color(1, 0, 0, 1)
emission_enabled = true
emission = Color(1, 0, 0, 1)
emission_energy_multiplier = 4.54

[sub_resource type="BoxShape3D" id="BoxShape3D_b5k2c"]
size = Vector3(3.59484, 3, 3.34777)

[sub_resource type="StandardMaterial3D" id="StandardMaterial3D_6w4sh"]
resource_local_to_scene = true
albedo_color = Color(1, 0, 0, 1)
emission_enabled = true
emission = Color(1, 0, 0, 1)
emission_energy_multiplier = 4.54

[sub_resource type="BoxShape3D" id="BoxShape3D_dx4gq"]
size = Vector3(1.30862, 3, 3.766)

[sub_resource type="StandardMaterial3D" id="StandardMaterial3D_cn21e"]
resource_local_to_scene = true
albedo_color = Color(1, 0, 0, 1)
emission_enabled = true
emission = Color(1, 0, 0, 1)
emission_energy_multiplier = 4.54

[sub_resource type="BoxShape3D" id="BoxShape3D_x6lnd"]
size = Vector3(2.12273, 3, 1.9028)

[sub_resource type="StandardMaterial3D" id="StandardMaterial3D_6gwd1"]
resource_local_to_scene = true
albedo_color = Color(1, 0, 0, 1)
emission_enabled = true
emission = Color(1, 0, 0, 1)
emission_energy_multiplier = 4.54

[sub_resource type="BoxShape3D" id="BoxShape3D_54fsh"]
size = Vector3(3.99661, 3, 3.57167)

[sub_resource type="BoxShape3D" id="BoxShape3D_kcn37"]
size = Vector3(1.98279, 1.5, 3)

[sub_resource type="ParticleProcessMaterial" id="ParticleProcessMaterial_yfrso"]
direction = Vector3(2.08165e-12, 10, 2.08165e-12)
initial_velocity_min = 14.21
initial_velocity_max = 14.21

[sub_resource type="BoxMesh" id="BoxMesh_r1tij"]
size = Vector3(0.1, 0.1, 0.1)

[sub_resource type="NavigationMesh" id="NavigationMesh_ichjo"]
vertices = PackedVector3Array(-9.70129, 0.385354, -6.64775, -7.80129, 0.385354, -6.54775, -7.80129, 0.385354, -7.14775, -7.60129, 0.385354, -7.34775, -6.80129, 0.385354, -7.34775, -6.80129, 0.385354, -9.14775, -9.70129, 0.385354, -6.64775, -7.80129, 0.385354, -7.14775, -7.60129, 0.385354, -7.34775, -6.80129, 0.385354, -9.14775, -9.70129, 0.385354, -9.14775, -5.00129, 0.385354, -8.04775, -4.00129, 0.385354, -8.04775, -3.90129, 0.385354, -9.14775, -6.80129, 0.385354, -7.34775, -5.20129, 0.385354, -7.34775, -5.20129, 0.385354, -7.84775, -6.80129, 0.385354, -7.34775, -5.20129, 0.385354, -7.84775, -5.00129, 0.385354, -8.04775, -5.00129, 0.385354, -8.04775, -3.90129, 0.385354, -9.14775, -6.80129, 0.385354, -9.14775, -6.80129, 0.385354, -7.34775, 1.49871, 0.385354, -5.14775, 1.29871, 0.385354, -5.64775, 0.898706, 0.385354, -5.84775, 1.99871, 0.385354, -4.04775, 2.09871, 0.385354, -5.14775, 1.49871, 0.385354, -5.14775, -3.90129, 0.385354, -9.14775, -4.00129, 0.385354, -8.04775, -3.40129, 0.385354, -8.04775, -3.80129, 0.385354, -3.64775, -2.70129, 0.385354, -3.64775, -2.50129, 0.385354, -4.04775, -3.80129, 0.385354, -4.54775, -2.50129, 0.385354, -4.04775, 0.898706, 0.385354, -5.84775, 0.698707, 0.385354, -6.24775, -3.90129, 0.385354, -9.14775, -3.40129, 0.385354, -8.04775, -3.20129, 0.385354, -7.84775, 0.698707, 0.385354, -6.74775, 1.29871, 0.385354, -7.14775, 1.29871, 0.385354, -9.14775, -4.00129, 0.385354, -4.74775, -3.80129, 0.385354, -4.54775, -2.50129, 0.385354, -4.04775, -3.10129, 0.385354, -6.64775, -3.30129, 0.385354, -6.44775, 1.99871, 0.385354, -4.04775, 1.49871, 0.385354, -5.14775, 0.898706, 0.385354, -5.84775, -2.50129, 0.385354, -4.04775, -3.20129, 0.385354, -7.84775, -3.10129, 0.385354, -6.64775, -2.50129, 0.385354, -4.04775, 0.698707, 0.385354, -6.24775, 0.698707, 0.385354, -6.74775, -6.90129, 0.385354, -6.44775, -6.90129, 0.385354, -4.74775, -4.00129, 0.385354, -4.74775, -3.30129, 0.385354, -6.44775, 9.19871, 0.385354, -6.04775, 9.39871, 0.385354, -5.44775, 9.69871, 0.385354, -5.44775, 9.69871, 0.385354, -9.14775, 2.19871, 0.385354, -9.14775, 2.19871, 0.385354, -6.04775, 9.19871, 0.385354, -6.04775, 9.69871, 0.385354, -9.14775, -9.70129, 0.385354, -2.74775, -8.70129, 0.385354, -2.64775, -7.80129, 0.385354, -2.74775, -7.80129, 0.385354, -6.54775, -9.70129, 0.385354, -6.64775, 8.69871, 0.385354, 4.55225, 9.19871, 0.385354, 4.65225, 9.39871, 0.385354, 4.35225, 8.69871, 0.385354, 4.05225, 6.99871, 0.385354, 2.45225, 6.79871, 0.385354, 2.65225, 8.49871, 0.385354, 3.85225, 8.49871, 0.385354, 3.85225, 8.69871, 0.385354, 4.05225, 9.39871, 0.385354, 4.35225, 8.49871, 0.385354, 3.85225, 9.39871, 0.385354, 4.35225, 9.69871, 0.385354, 4.35225, 9.29871, 0.385354, -0.747751, 9.09871, 0.385354, -0.547751, 6.99871, 0.385354, 2.45225, 8.19871, 0.385354, -0.647751, 7.99871, 0.385354, -1.24775, 6.99871, 0.385354, -1.24775, 6.99871, 0.385354, 2.45225, 2.59871, 0.385354, 3.65225, 3.99871, 0.385354, 4.15225, 4.19871, 0.385354, 3.85225, 2.59871, 0.385354, 2.65225, 2.59871, 0.385354, 3.65225, 4.19871, 0.385354, 3.85225, 8.49871, 0.385354, 3.85225, 6.79871, 0.385354, 2.65225, 9.09871, 0.385354, -0.547751, 8.19871, 0.385354, -0.647751, 6.99871, 0.385354, 2.45225, 9.69871, 0.385354, -5.44775, 9.39871, 0.385354, -5.44775, 9.29871, 0.385354, -0.747751, 9.69871, 0.385354, 4.35225, 3.19871, 0.385354, -3.84775, 3.19871, 0.385354, -3.34775, 4.19871, 0.385354, -3.34775, 2.99871, 0.385354, -4.04775, 3.19871, 0.385354, -3.84775, 4.19871, 0.385354, -3.34775, 2.09871, 0.385354, -5.14775, 1.99871, 0.385354, -4.04775, 2.99871, 0.385354, -4.04775, 4.39871, 0.385354, -2.44775, 6.09871, 0.385354, -2.34775, 6.09871, 0.385354, -3.04775, 4.39871, 0.385354, -3.14775, 6.09871, 0.385354, -3.04775, 6.49871, 0.385354, -3.24775, 6.49871, 0.385354, -5.04775, 2.09871, 0.385354, -5.14775, 2.99871, 0.385354, -4.04775, 4.19871, 0.385354, -3.34775, 4.19871, 0.385354, -3.34775, 4.39871, 0.385354, -3.14775, 6.09871, 0.385354, -3.04775, 6.99871, 0.385354, -1.24775, 7.99871, 0.385354, -1.24775, 7.99871, 0.385354, -1.64775, 6.99871, 0.385354, -1.24775, 7.99871, 0.385354, -1.64775, 8.49871, 0.385354, -1.94775, 6.99871, 0.385354, -3.04775, 6.99871, 0.385354, -3.04775, 8.49871, 0.385354, -1.94775, 8.49871, 0.385354, -5.04775, 6.49871, 0.385354, -5.04775, 6.49871, 0.385354, -5.04775, 6.49871, 0.385354, -3.24775, 6.99871, 0.385354, -3.04775, -6.60129, 1.38535, -4.04775, -6.60129, 1.38535, -3.64775, -4.40129, 1.38535, -3.64775, -4.40129, 1.38535, -4.04775, -0.801293, 0.385354, -2.14775, -0.601294, 0.385354, -2.54775, -1.20129, 0.385354, -2.54775, -2.70129, 0.385354, -3.64775, -3.80129, 0.385354, -3.64775, -3.80129, 0.385354, -3.14775, -2.50129, 0.385354, -3.14775, -2.70129, 0.385354, -3.64775, -3.80129, 0.385354, -3.14775, -4.00129, 0.385354, -2.94775, -6.90129, 0.385354, -2.94775, -6.90129, 0.385354, -2.64775, -5.60129, 0.385354, -2.64775, -4.00129, 0.385354, -2.94775, -1.20129, 0.385354, -2.54775, -1.40129, 0.385354, -3.14775, -2.50129, 0.385354, -3.14775, -4.00129, 0.385354, -2.94775, -5.60129, 0.385354, -2.64775, -5.40129, 0.385354, -2.14775, -0.801293, 0.385354, -2.14775, -1.20129, 0.385354, -2.54775, -2.50129, 0.385354, -3.14775, 0.198707, 1.38535, -3.04775, 0.198707, 1.38535, -2.64775, 2.29871, 1.38535, -2.64775, 2.29871, 1.38535, -3.04775, -9.00129, 0.385354, 2.85225, -9.20129, 0.385354, 2.95225, -8.80129, 0.385354, 3.25225, -7.70129, 0.385354, 3.65225, -7.30129, 0.385354, 3.65225, -7.30129, 0.385354, 2.95225, -7.80129, 0.385354, 2.75225, -8.60129, 0.385354, -0.947751, -8.80129, 0.385354, -1.14775, -9.20129, 0.385354, -0.447751, -8.80129, 0.385354, -0.147751, -8.80129, 0.385354, 3.25225, -8.90129, 0.385354, 4.05225, -7.90129, 0.385354, 4.15225, -7.70129, 0.385354, 3.65225, -7.80129, 0.385354, 2.75225, -9.00129, 0.385354, 2.85225, -8.80129, 0.385354, 3.25225, -7.80129, 0.385354, 2.75225, -7.80129, 0.385354, -0.947751, -8.60129, 0.385354, -0.947751, -8.80129, 0.385354, -0.147751, -9.70129, 0.385354, -0.447751, -9.20129, 0.385354, -0.447751, -8.80129, 0.385354, -1.14775, -8.70129, 0.385354, -2.64775, -9.70129, 0.385354, -2.74775, 3.39871, 1.38535, -2.64775, 3.39871, 1.38535, -0.447751, 3.79871, 1.38535, -0.447751, 3.79871, 1.38535, -2.64775, -0.401294, 0.385354, -2.54775, -0.601294, 0.385354, -2.54775, -0.801293, 0.385354, -2.14775, -0.601294, 0.385354, -1.94775, -0.201293, 0.385354, -2.04775, 2.69871, 0.385354, 1.75225, 2.69871, 0.385354, 0.652249, 2.29871, 0.385354, 0.452249, -0.601294, 0.385354, 1.75225, 2.29871, 0.385354, -2.04775, -0.201293, 0.385354, -2.04775, -0.601294, 0.385354, -1.94775, -0.601294, 0.385354, 1.75225, 2.29871, 0.385354, 0.452249, 2.99871, 0.385354, 0.652249, 2.69871, 0.385354, 0.652249, 2.69871, 0.385354, 1.75225, 4.19871, 0.385354, 0.152249, 3.19871, 0.385354, 0.152249, 2.99871, 0.385354, 0.652249, 2.69871, 0.385354, 1.75225, 6.09871, 0.385354, -2.34775, 4.39871, 0.385354, -2.44775, 4.39871, 0.385354, -0.0477514, 6.09871, 0.385354, 1.75225, 4.39871, 0.385354, -0.0477514, 4.19871, 0.385354, 0.152249, 2.69871, 0.385354, 1.75225, 6.09871, 0.385354, 1.75225, -8.20129, 1.28535, -2.14775, -8.20129, 1.28535, -1.54775, -7.80129, 1.28535, -1.54775, -7.80129, 1.28535, -2.14775, -6.40129, 1.38535, -1.24775, -6.40129, 1.38535, 1.05225, -6.00129, 1.38535, 1.05225, -6.00129, 1.38535, -1.24775, -2.00129, 0.385354, 6.55225, -2.30129, 0.385354, 6.75225, -2.30129, 0.385354, 6.95225, -1.50129, 0.385354, 6.55225, -1.60129, 0.385354, -1.24775, -3.80129, 0.385354, -1.14775, -2.50129, 0.385354, -1.04775, -2.40129, 0.385354, 2.35225, -3.70129, 0.385354, 2.35225, -3.60129, 0.385354, 3.35225, -2.20129, 0.385354, 3.25225, -2.00129, 0.385354, 3.45225, -2.00129, 0.385354, 6.55225, -1.50129, 0.385354, 6.55225, -2.20129, 0.385354, 2.15225, -2.40129, 0.385354, 2.35225, -2.20129, 0.385354, 3.25225, -2.00129, 0.385354, 3.45225, -1.60129, 0.385354, -1.24775, -2.50129, 0.385354, -1.04775, -2.30129, 0.385354, -0.847751, -5.40129, 0.385354, 0.652249, -4.00129, 0.385354, 0.652249, -4.00129, 0.385354, -0.947751, -5.40129, 0.385354, -1.24775, -1.60129, 0.385354, -1.24775, -2.30129, 0.385354, -0.847751, -2.20129, 0.385354, 2.15225, -2.00129, 0.385354, 3.45225, -1.50129, 0.385354, 6.55225, -5.40129, 0.385354, -1.24775, -4.00129, 0.385354, -0.947751, -3.80129, 0.385354, -1.14775, -1.60129, 0.385354, -1.24775, -5.40129, 0.385354, -1.24775, -3.80129, 0.385354, -1.14775, -3.30129, 1.38535, 1.65225, -2.80129, 1.38535, 1.65225, -2.90129, 1.38535, -0.447751, -3.30129, 1.38535, -0.447751, -6.40129, 0.385354, 2.45225, -6.90129, 0.385354, 2.35225, -6.90129, 0.385354, 2.75225, -6.90129, 0.385354, 2.75225, -7.30129, 0.385354, 2.95225, -7.30129, 0.385354, 3.65225, -5.40129, 0.385354, 1.45225, -6.00129, 0.385354, 1.65225, -6.10129, 0.385354, 2.15225, -4.50129, 0.385354, 3.85225, -4.50129, 0.385354, 4.65225, -3.70129, 0.385354, 4.65225, -3.60129, 0.385354, 3.35225, -4.70129, 0.385354, 3.65225, -3.60129, 0.385354, 3.35225, -4.00129, 0.385354, 2.15225, -5.40129, 0.385354, 1.45225, -6.10129, 0.385354, 2.15225, -7.30129, 0.385354, 3.65225, -4.70129, 0.385354, 3.65225, -4.50129, 0.385354, 3.85225, -3.60129, 0.385354, 3.35225, -3.60129, 0.385354, 3.35225, -3.70129, 0.385354, 2.35225, -4.00129, 0.385354, 2.15225, -6.40129, 0.385354, 2.45225, -6.90129, 0.385354, 2.75225, -7.30129, 0.385354, 3.65225, -4.00129, 0.385354, 0.652249, -5.40129, 0.385354, 0.652249, -5.40129, 0.385354, 1.45225, -4.00129, 0.385354, 2.15225, -6.10129, 0.385354, 2.15225, -6.40129, 0.385354, 2.45225, -7.30129, 0.385354, 3.65225, -0.301293, 1.38535, 2.85225, -0.301293, 1.38535, 3.25225, 1.89871, 1.38535, 3.25225, 1.89871, 1.38535, 2.85225, 3.99871, 0.385354, 4.15225, 2.59871, 0.385354, 3.65225, 2.39871, 0.385354, 3.85225, 3.99871, 0.385354, 4.15225, 2.39871, 0.385354, 3.85225, -0.601294, 0.385354, 3.85225, -0.601294, 0.385354, 9.05225, 3.99871, 0.385354, 9.05225, -3.00129, 1.38535, 3.85225, -3.00129, 1.38535, 6.05225, -2.60129, 1.38535, 6.05225, -2.60129, 1.38535, 3.85225, -5.50129, 0.385354, 9.05225, -5.50129, 0.385354, 8.65225, -6.40129, 0.385354, 8.65225, -9.70129, 0.385354, 9.05225, -7.90129, 0.385354, 4.15225, -8.90129, 0.385354, 4.05225, -9.00129, 0.385354, 4.75225, -7.70129, 0.385354, 4.55225, -9.70129, 0.385354, 9.05225, -6.40129, 0.385354, 8.65225, -6.60129, 0.385354, 8.45225, -7.70129, 0.385354, 4.55225, -9.00129, 0.385354, 4.75225, -9.20129, 0.385354, 4.95225, -9.70129, 0.385354, 9.05225, -6.60129, 0.385354, 8.45225, -6.60129, 0.385354, 4.55225, -9.20129, 0.385354, 4.95225, -9.70129, 0.385354, 4.95225, -9.70129, 0.385354, 9.05225, 9.19871, 0.385354, 4.65225, 8.69871, 0.385354, 4.55225, 8.49871, 0.385354, 4.85225, 8.29871, 0.385354, 5.55225, 8.39871, 0.385354, 6.45225, 9.19871, 0.385354, 6.15225, 8.39871, 0.385354, 6.45225, 9.39871, 0.385354, 6.35225, 9.19871, 0.385354, 6.15225, 6.69871, 0.385354, 5.45225, 8.09871, 0.385354, 5.35225, 8.49871, 0.385354, 4.85225, 4.89871, 0.385354, 4.85225, 5.79871, 0.385354, 6.15225, 6.49871, 0.385354, 6.05225, 6.69871, 0.385354, 5.45225, 4.89871, 0.385354, 4.85225, 4.89871, 0.385354, 6.05225, 8.09871, 0.385354, 5.35225, 8.29871, 0.385354, 5.55225, 8.49871, 0.385354, 4.85225, -2.60129, 0.385354, 9.05225, -2.60129, 0.385354, 8.75225, -2.90129, 0.385354, 8.75225, -4.50129, 0.385354, 9.05225, -2.30129, 0.385354, 6.95225, -2.30129, 0.385354, 6.75225, -3.50129, 0.385354, 6.75225, -3.30129, 0.385354, 7.65225, -3.70129, 0.385354, 6.55225, -3.70129, 0.385354, 4.65225, -4.50129, 0.385354, 4.65225, -3.30129, 0.385354, 7.65225, -3.50129, 0.385354, 6.75225, -3.70129, 0.385354, 6.55225, -3.30129, 0.385354, 8.15225, -3.30129, 0.385354, 7.65225, -3.70129, 0.385354, 6.55225, -4.50129, 0.385354, 4.65225, -4.50129, 0.385354, 9.05225, -4.50129, 0.385354, 9.05225, -2.90129, 0.385354, 8.75225, -3.30129, 0.385354, 8.15225, -6.00129, 1.38535, 4.75225, -6.00129, 1.38535, 7.95225, -5.60129, 1.38535, 7.95225, -5.60129, 1.38535, 4.75225, 9.69871, 0.385354, 8.25225, 9.69871, 0.385354, 6.35225, 9.39871, 0.385354, 6.35225, 8.39871, 0.385354, 6.45225, 8.69871, 0.385354, 8.55225, 8.99871, 0.385354, 8.65225, 6.89871, 0.385354, 8.75225, 6.49871, 0.385354, 6.05225, 5.79871, 0.385354, 6.15225, 5.79871, 0.385354, 8.05225, 6.19871, 0.385354, 9.05225, 8.99871, 0.385354, 9.05225, 8.99871, 0.385354, 8.65225, 8.69871, 0.385354, 8.55225, 8.39871, 0.385354, 8.85225, 7.09871, 0.385354, 8.95225, 6.19871, 0.385354, 9.05225, 8.99871, 0.385354, 9.05225, 8.39871, 0.385354, 8.85225, 7.09871, 0.385354, 8.95225, 6.89871, 0.385354, 8.75225, 6.19871, 0.385354, 9.05225, 7.49871, 1.38535, 8.25225, 7.89871, 1.38535, 8.25225, 7.59871, 1.38535, 6.05225, 7.19871, 1.38535, 6.05225, -1.90129, 0.985354, 7.45225, -1.50129, 0.985354, 7.45225, -1.60129, 0.985354, 7.25225, -2.60129, 0.985354, 7.85225, -2.60129, 0.985354, 8.05225, -2.20129, 0.985354, 7.85225, -1.90129, 1.38535, 8.55225, -1.90129, 1.38535, 8.95225, -1.50129, 1.38535, 8.95225, -1.50129, 1.38535, 8.55225)
polygons = [PackedInt32Array(2, 1, 0), PackedInt32Array(5, 4, 3), PackedInt32Array(7, 6, 8), PackedInt32Array(8, 6, 10), PackedInt32Array(8, 10, 9), PackedInt32Array(12, 11, 13), PackedInt32Array(14, 16, 15), PackedInt32Array(19, 18, 17), PackedInt32Array(23, 22, 20), PackedInt32Array(20, 22, 21), PackedInt32Array(26, 25, 24), PackedInt32Array(29, 28, 27), PackedInt32Array(32, 31, 30), PackedInt32Array(34, 33, 35), PackedInt32Array(35, 33, 36), PackedInt32Array(39, 38, 37), PackedInt32Array(41, 40, 42), PackedInt32Array(42, 40, 43), PackedInt32Array(43, 40, 44), PackedInt32Array(44, 40, 45), PackedInt32Array(47, 46, 48), PackedInt32Array(48, 46, 50), PackedInt32Array(48, 50, 49), PackedInt32Array(52, 51, 53), PackedInt32Array(53, 51, 54), PackedInt32Array(56, 55, 57), PackedInt32Array(57, 55, 58), PackedInt32Array(58, 55, 59), PackedInt32Array(61, 60, 62), PackedInt32Array(62, 60, 63), PackedInt32Array(65, 64, 66), PackedInt32Array(66, 64, 67), PackedInt32Array(69, 68, 70), PackedInt32Array(70, 68, 71), PackedInt32Array(73, 72, 74), PackedInt32Array(74, 72, 75), PackedInt32Array(75, 72, 76), PackedInt32Array(78, 77, 79), PackedInt32Array(79, 77, 80), PackedInt32Array(83, 82, 81), PackedInt32Array(86, 85, 84), PackedInt32Array(88, 87, 89), PackedInt32Array(89, 87, 92), PackedInt32Array(89, 92, 91), PackedInt32Array(89, 91, 90), PackedInt32Array(94, 93, 95), PackedInt32Array(95, 93, 96), PackedInt32Array(99, 98, 97), PackedInt32Array(101, 100, 102), PackedInt32Array(102, 100, 104), PackedInt32Array(102, 104, 103), PackedInt32Array(107, 106, 105), PackedInt32Array(109, 108, 110), PackedInt32Array(110, 108, 111), PackedInt32Array(114, 113, 112), PackedInt32Array(117, 116, 115), PackedInt32Array(120, 119, 118), PackedInt32Array(122, 121, 123), PackedInt32Array(123, 121, 124), PackedInt32Array(126, 125, 127), PackedInt32Array(127, 125, 130), PackedInt32Array(127, 130, 129), PackedInt32Array(127, 129, 128), PackedInt32Array(133, 132, 131), PackedInt32Array(136, 135, 134), PackedInt32Array(138, 137, 139), PackedInt32Array(139, 137, 140), PackedInt32Array(144, 143, 141), PackedInt32Array(141, 143, 142), PackedInt32Array(147, 146, 145), PackedInt32Array(151, 150, 148), PackedInt32Array(148, 150, 149), PackedInt32Array(154, 153, 152), PackedInt32Array(157, 156, 155), PackedInt32Array(160, 159, 161), PackedInt32Array(161, 159, 158), PackedInt32Array(163, 162, 164), PackedInt32Array(164, 162, 165), PackedInt32Array(168, 167, 166), PackedInt32Array(170, 169, 171), PackedInt32Array(171, 169, 174), PackedInt32Array(171, 174, 173), PackedInt32Array(171, 173, 172), PackedInt32Array(178, 177, 175), PackedInt32Array(175, 177, 176), PackedInt32Array(181, 180, 179), PackedInt32Array(183, 182, 184), PackedInt32Array(184, 182, 185), PackedInt32Array(187, 186, 188), PackedInt32Array(188, 186, 189), PackedInt32Array(192, 191, 193), PackedInt32Array(193, 191, 190), PackedInt32Array(193, 190, 194), PackedInt32Array(196, 195, 197), PackedInt32Array(197, 195, 200), PackedInt32Array(197, 200, 199), PackedInt32Array(197, 199, 198), PackedInt32Array(202, 201, 203), PackedInt32Array(203, 201, 204), PackedInt32Array(204, 201, 205), PackedInt32Array(209, 208, 206), PackedInt32Array(206, 208, 207), PackedInt32Array(211, 210, 212), PackedInt32Array(212, 210, 213), PackedInt32Array(213, 210, 214), PackedInt32Array(216, 215, 217), PackedInt32Array(217, 215, 218), PackedInt32Array(220, 219, 221), PackedInt32Array(221, 219, 223), PackedInt32Array(221, 223, 222), PackedInt32Array(226, 225, 224), PackedInt32Array(228, 227, 229), PackedInt32Array(229, 227, 230), PackedInt32Array(232, 231, 233), PackedInt32Array(233, 231, 234), PackedInt32Array(236, 235, 237), PackedInt32Array(237, 235, 238), PackedInt32Array(242, 241, 239), PackedInt32Array(239, 241, 240), PackedInt32Array(246, 245, 243), PackedInt32Array(243, 245, 244), PackedInt32Array(248, 247, 249), PackedInt32Array(249, 247, 250), PackedInt32Array(253, 252, 251), PackedInt32Array(255, 254, 256), PackedInt32Array(256, 254, 257), PackedInt32Array(260, 259, 258), PackedInt32Array(262, 261, 263), PackedInt32Array(263, 261, 264), PackedInt32Array(267, 266, 265), PackedInt32Array(269, 268, 270), PackedInt32Array(270, 268, 271), PackedInt32Array(273, 272, 274), PackedInt32Array(274, 272, 275), PackedInt32Array(275, 272, 276), PackedInt32Array(279, 278, 277), PackedInt32Array(282, 281, 280), PackedInt32Array(286, 285, 283), PackedInt32Array(283, 285, 284), PackedInt32Array(289, 288, 287), PackedInt32Array(292, 291, 290), PackedInt32Array(295, 294, 293), PackedInt32Array(297, 296, 298), PackedInt32Array(298, 296, 299), PackedInt32Array(301, 300, 302), PackedInt32Array(302, 300, 303), PackedInt32Array(303, 300, 304), PackedInt32Array(304, 300, 305), PackedInt32Array(308, 307, 306), PackedInt32Array(311, 310, 309), PackedInt32Array(314, 313, 312), PackedInt32Array(316, 315, 317), PackedInt32Array(317, 315, 318), PackedInt32Array(321, 320, 319), PackedInt32Array(325, 324, 322), PackedInt32Array(322, 324, 323), PackedInt32Array(328, 327, 326), PackedInt32Array(330, 329, 331), PackedInt32Array(331, 329, 333), PackedInt32Array(331, 333, 332), PackedInt32Array(337, 336, 334), PackedInt32Array(334, 336, 335), PackedInt32Array(339, 338, 340), PackedInt32Array(340, 338, 341), PackedInt32Array(342, 345, 343), PackedInt32Array(343, 345, 344), PackedInt32Array(348, 347, 346), PackedInt32Array(350, 349, 351), PackedInt32Array(351, 349, 354), PackedInt32Array(351, 354, 353), PackedInt32Array(351, 353, 352), PackedInt32Array(357, 356, 355), PackedInt32Array(359, 358, 360), PackedInt32Array(360, 358, 361), PackedInt32Array(361, 358, 363), PackedInt32Array(361, 363, 362), PackedInt32Array(364, 366, 365), PackedInt32Array(368, 367, 369), PackedInt32Array(369, 367, 370), PackedInt32Array(372, 371, 373), PackedInt32Array(373, 371, 375), PackedInt32Array(373, 375, 374), PackedInt32Array(378, 377, 376), PackedInt32Array(380, 379, 381), PackedInt32Array(381, 379, 382), PackedInt32Array(384, 383, 385), PackedInt32Array(385, 383, 386), PackedInt32Array(389, 388, 387), PackedInt32Array(390, 392, 391), PackedInt32Array(394, 393, 395), PackedInt32Array(395, 393, 397), PackedInt32Array(395, 397, 396), PackedInt32Array(400, 399, 398), PackedInt32Array(404, 403, 401), PackedInt32Array(401, 403, 402), PackedInt32Array(410, 409, 405), PackedInt32Array(405, 409, 406), PackedInt32Array(406, 409, 407), PackedInt32Array(407, 409, 408), PackedInt32Array(415, 414, 411), PackedInt32Array(411, 414, 413), PackedInt32Array(411, 413, 412), PackedInt32Array(417, 416, 418), PackedInt32Array(418, 416, 419), PackedInt32Array(423, 422, 420), PackedInt32Array(420, 422, 421), PackedInt32Array(425, 424, 426), PackedInt32Array(430, 429, 427), PackedInt32Array(427, 429, 428), PackedInt32Array(433, 432, 431), PackedInt32Array(436, 435, 434), PackedInt32Array(440, 439, 437), PackedInt32Array(437, 439, 438)]
cell_size = 0.1
cell_height = 0.1
agent_radius = 0.3

[sub_resource type="StandardMaterial3D" id="StandardMaterial3D_bphka"]
resource_name = "Material.018"
cull_mode = 2
albedo_texture = ExtResource("9_dnrbx")
roughness = 0.5

[sub_resource type="ArrayMesh" id="ArrayMesh_w8yes"]
resource_name = "GAMERIGEXPORTANIMS-2_Cube_041"
_surfaces = [{
"aabb": AABB(-0.338534, 1.38476, -0.0636047, 0.141228, 0.174415, 0.0875231),
"attribute_data": PackedByteArray(171, 214, 194, 60, 24, 73, 64, 62, 171, 214, 194, 60, 24, 73, 64, 62, 162, 107, 194, 60, 40, 52, 79, 62, 32, 245, 45, 59, 200, 76, 64, 62, 32, 245, 45, 59, 200, 76, 64, 62, 190, 193, 194, 60, 60, 52, 52, 62, 190, 193, 194, 60, 60, 52, 52, 62, 253, 105, 194, 60, 24, 60, 43, 62, 180, 81, 45, 59, 220, 78, 52, 62, 180, 81, 45, 59, 220, 78, 52, 62, 216, 161, 42, 59, 108, 116, 43, 62, 216, 161, 42, 59, 132, 23, 79, 62),
"bone_aabbs": [AABB(0, 0, 0, -1, -1, -1), AABB(0, 0, 0, -1, -1, -1), AABB(0, 0, 0, -1, -1, -1), AABB(0, 0, 0, -1, -1, -1), AABB(0, 0, 0, -1, -1, -1), AABB(0, 0, 0, -1, -1, -1), AABB(0, 0, 0, -1, -1, -1), AABB(0, 0, 0, -1, -1, -1), AABB(0, 0, 0, -1, -1, -1), AABB(0, 0, 0, -1, -1, -1), AABB(0, 0, 0, -1, -1, -1), AABB(0, 0, 0, -1, -1, -1), AABB(0, 0, 0, -1, -1, -1), AABB(0, 0, 0, -1, -1, -1), AABB(0, 0, 0, -1, -1, -1), AABB(0, 0, 0, -1, -1, -1), AABB(0, 0, 0, -1, -1, -1), AABB(0, 0, 0, -1, -1, -1), AABB(0, 0, 0, -1, -1, -1), AABB(0, 0, 0, -1, -1, -1), AABB(0, 0, 0, -1, -1, -1), AABB(0, 0, 0, -1, -1, -1), AABB(0, 0, 0, -1, -1, -1), AABB(0, 0, 0, -1, -1, -1), AABB(0, 0, 0, -1, -1, -1), AABB(0, 0, 0, -1, -1, -1), AABB(0, 0, 0, -1, -1, -1), AABB(0, 0, 0, -1, -1, -1), AABB(0, 0, 0, -1, -1, -1), AABB(-0.338534, 1.38476, -0.0636047, 0.141228, 0.174415, 0.0875231)],
"format": 34359745559,
"index_count": 18,
"index_data": PackedByteArray(1, 0, 11, 0, 2, 0, 1, 0, 4, 0, 11, 0, 6, 0, 3, 0, 0, 0, 6, 0, 9, 0, 3, 0, 7, 0, 8, 0, 5, 0, 7, 0, 10, 0, 8, 0),
"material": SubResource("StandardMaterial3D_bphka"),
"name": "Material.018",
"primitive": 3,
"skin_data": PackedByteArray(29, 0, 0, 0, 0, 0, 0, 0, 255, 255, 0, 0, 0, 0, 0, 0, 29, 0, 0, 0, 0, 0, 0, 0, 255, 255, 0, 0, 0, 0, 0, 0, 29, 0, 0, 0, 0, 0, 0, 0, 255, 255, 0, 0, 0, 0, 0, 0, 29, 0, 0, 0, 0, 0, 0, 0, 255, 255, 0, 0, 0, 0, 0, 0, 29, 0, 0, 0, 0, 0, 0, 0, 255, 255, 0, 0, 0, 0, 0, 0, 29, 0, 0, 0, 0, 0, 0, 0, 255, 255, 0, 0, 0, 0, 0, 0, 29, 0, 0, 0, 0, 0, 0, 0, 255, 255, 0, 0, 0, 0, 0, 0, 29, 0, 0, 0, 0, 0, 0, 0, 255, 255, 0, 0, 0, 0, 0, 0, 29, 0, 0, 0, 0, 0, 0, 0, 255, 255, 0, 0, 0, 0, 0, 0, 29, 0, 0, 0, 0, 0, 0, 0, 255, 255, 0, 0, 0, 0, 0, 0, 29, 0, 0, 0, 0, 0, 0, 0, 255, 255, 0, 0, 0, 0, 0, 0, 29, 0, 0, 0, 0, 0, 0, 0, 255, 255, 0, 0, 0, 0, 0, 0),
"uv_scale": Vector4(0, 0, 0, 0),
"vertex_count": 12,
"vertex_data": PackedByteArray(59, 178, 79, 190, 159, 202, 189, 63, 50, 67, 130, 189, 59, 178, 79, 190, 159, 202, 189, 63, 50, 67, 130, 189, 142, 10, 74, 190, 241, 61, 178, 63, 68, 47, 107, 189, 165, 253, 170, 190, 162, 179, 188, 63, 36, 104, 128, 189, 165, 253, 170, 190, 162, 179, 188, 63, 36, 104, 128, 189, 106, 197, 83, 190, 250, 19, 198, 63, 253, 233, 239, 188, 106, 197, 83, 190, 250, 19, 198, 63, 253, 233, 239, 188, 7, 99, 84, 190, 53, 147, 199, 63, 123, 240, 195, 60, 44, 4, 173, 190, 93, 240, 196, 63, 141, 12, 236, 188, 44, 4, 173, 190, 93, 240, 196, 63, 141, 12, 236, 188, 78, 84, 173, 190, 52, 116, 198, 63, 157, 161, 193, 60, 15, 48, 168, 190, 250, 63, 177, 63, 18, 176, 103, 189, 250, 42, 182, 252, 88, 248, 200, 59, 54, 8, 74, 0, 81, 248, 191, 59, 54, 8, 74, 0, 81, 248, 191, 59, 250, 42, 182, 252, 88, 248, 200, 59, 54, 8, 74, 0, 81, 248, 191, 59, 37, 99, 77, 249, 42, 248, 154, 59, 250, 42, 182, 252, 88, 248, 200, 59, 37, 99, 77, 249, 42, 248, 154, 59, 37, 99, 77, 249, 42, 248, 154, 59, 250, 42, 182, 252, 88, 248, 200, 59, 37, 99, 77, 249, 42, 248, 154, 59, 54, 8, 74, 0, 81, 248, 191, 59)
}]
blend_shape_mode = 0

[sub_resource type="Skin" id="Skin_oxx4y"]
resource_name = "Skin"
bind_count = 56
bind/0/name = &"rootfriend"
bind/0/bone = -1
bind/0/pose = Transform3D(1, 0, 0, 0, 0, -1, 0, 1, 0, 0, 0, 0.0358659)
bind/1/name = &"handik.r"
bind/1/bone = -1
bind/1/pose = Transform3D(0.0452247, -0.998977, 0, 0, 0, -1, 0.998977, 0.0452247, 0, 1.46596, -5.96046e-08, -1.28362)
bind/2/name = &"hand.r"
bind/2/bone = -1
bind/2/pose = Transform3D(0.0111945, -0.999937, -0.000139715, 0.997693, 0.01116, 0.0669633, -0.0669575, -0.000889008, 0.997755, 1.5088, -1.23019, 0.0827743)
bind/3/name = &"middlefinger1.r"
bind/3/bone = -1
bind/3/pose = Transform3D(-0.084563, -0.996404, -0.00534882, 0.996325, -0.0846273, 0.0132188, -0.0136238, -0.00421134, 0.999898, 1.62699, -1.16644, 0.0196398)
bind/4/name = &"middlefinger2.r"
bind/4/bone = -1
bind/4/pose = Transform3D(-0.0749784, -0.997177, -0.00407552, 0.997166, -0.075002, 0.00597167, -0.00626042, -0.00361622, 0.999974, 1.61514, -1.24105, 0.00873172)
bind/5/name = &"middlefinger3.r"
bind/5/bone = -1
bind/5/pose = Transform3D(-0.25677, -0.96636, 0.0147429, 0.96628, -0.256994, -0.016059, 0.0193077, 0.0101222, 0.999762, 1.82272, -0.962706, -0.0478483)
bind/6/name = &"pinky1.r"
bind/6/bone = -1
bind/6/pose = Transform3D(-0.084563, -0.996404, -0.00534917, 0.996325, -0.0846273, 0.0132188, -0.0136239, -0.00421169, 0.999898, 1.62668, -1.16385, 0.0425433)
bind/7/name = &"pinky2.r"
bind/7/bone = -1
bind/7/pose = Transform3D(-0.0749786, -0.997177, -0.0040759, 0.997166, -0.0750022, 0.00597161, -0.00626038, -0.0036166, 0.999974, 1.61487, -1.23863, 0.0316538)
bind/8/name = &"pinky3.r"
bind/8/bone = -1
bind/8/pose = Transform3D(-0.256768, -0.966361, 0.014743, 0.96628, -0.256992, -0.0160588, 0.0193075, 0.0101225, 0.999762, 1.82247, -0.960862, -0.024873)
bind/9/name = &"forefinger1.r"
bind/9/bone = -1
bind/9/pose = Transform3D(-0.0844616, -0.996412, -0.00534557, 0.99493, -0.0846274, 0.0543267, -0.0545841, -0.00072995, 0.998509, 1.62701, -1.16618, 0.0457121)
bind/10/name = &"forefinger2.r"
bind/10/bone = -1
bind/10/pose = Transform3D(-0.0748931, -0.997183, -0.00407348, 0.996069, -0.0750019, 0.0471201, -0.0472928, -0.0005285, 0.998881, 1.61514, -1.24102, 0.0354881)
bind/11/name = &"forefinger3.r"
bind/11/bone = -1
bind/11/pose = Transform3D(-0.257377, -0.966199, 0.0147406, 0.96612, -0.256992, 0.0238342, -0.0192402, 0.0203756, 0.999607, 1.82296, -0.963377, -0.0354459)
bind/12/name = &"thumb1.r"
bind/12/bone = -1
bind/12/pose = Transform3D(-0.0930041, -0.995071, 0.0344214, 0.631102, -0.0321759, 0.775033, -0.770105, 0.0938046, 0.630983, 1.61216, -0.797362, 0.827212)
bind/13/name = &"thumb2.r"
bind/13/bone = -1
bind/13/pose = Transform3D(-0.289404, -0.952627, -0.09353, 0.873271, -0.302776, 0.381739, -0.391973, 0.0287996, 0.919526, 1.81287, -0.709997, 0.413142)
bind/14/name = &"thumb3.r"
bind/14/bone = -1
bind/14/pose = Transform3D(-0.398866, -0.916863, 0.0163573, 0.916695, -0.399133, -0.0190816, 0.0240241, 0.00738363, 0.999684, 1.89711, -0.619576, -0.112656)
bind/15/name = &"legpole.l"
bind/15/bone = -1
bind/15/pose = Transform3D(-0.243217, 0.967757, 0.0654748, 0.259945, -2.79396e-07, 0.965623, 0.934491, 0.251877, -0.251564, -0.741181, -0.358738, -0.0042198)
bind/16/name = &"armpole.l"
bind/16/bone = -1
bind/16/pose = Transform3D(-0.00492826, 0.999988, 0, 0, 0, -1, -0.999988, -0.00492826, 0, -1.50466, -0.656445, -0.724279)
bind/17/name = &"heelik.l"
bind/17/bone = -1
bind/17/pose = Transform3D(0, -0.0697336, 0.997566, -1, 0, 0, 0, -0.997566, -0.0697336, 0.0357728, -0.0830736, 0.0698417)
bind/18/name = &"foot.l"
bind/18/bone = -1
bind/18/pose = Transform3D(1.00403e-06, 0.956714, 0.29103, 4.48495e-08, -0.29103, 0.956714, 1, -9.88011e-07, -2.84975e-07, -0.0600741, 0.050484, 0.0830736)
bind/19/name = &"toe.l"
bind/19/bone = -1
bind/19/pose = Transform3D(3.13737e-07, 0.997334, 0.0729756, 5.29565e-08, -0.0729755, 0.997334, 1, -3.49533e-07, -2.55756e-08, -0.0383506, -0.102827, 0.0830736)
bind/20/name = &"pelvis"
bind/20/bone = -1
bind/20/pose = Transform3D(1, 0, 0, 0, 0, -1, 0, 1, 0, 0, -0.0408728, -1.23219)
bind/21/name = &"waist.l"
bind/21/bone = -1
bind/21/pose = Transform3D(-0.372438, 0.928056, 0.00165958, -0.920047, -0.369457, 0.130439, 0.121668, 0.0470534, 0.991455, -1.15276, 0.449806, -0.0572482)
bind/22/name = &"shin.l"
bind/22/bone = -1
bind/22/pose = Transform3D(-4.60158e-08, 0.0326051, 0.999468, 3.94988e-08, -0.999468, 0.0326052, 1, 1.17109e-07, 1.22907e-07, -0.0377695, 1.15777, 0.0830735)
bind/23/name = &"leg.l"
bind/23/bone = -1
bind/23/pose = Transform3D(-4.38729e-08, -0.0697336, 0.997566, -8.13988e-08, -0.997565, -0.0697336, 1, -8.12933e-09, 1.16293e-07, 0.0357727, 0.717601, 0.0830735)
bind/24/name = &"spine.001"
bind/24/bone = -1
bind/24/pose = Transform3D(1, -3.19629e-08, -2.36266e-07, -3.90799e-14, 0.990973, -0.134062, 2.38419e-07, 0.134062, 0.990973, 2.97273e-08, -1.22654, -0.124686)
bind/25/name = &"spine.002"
bind/25/bone = -1
bind/25/pose = Transform3D(1, -1.7533e-14, 3.95047e-14, -2.40801e-14, 0.968277, 0.249878, 6.21422e-15, -0.249878, 0.968277, 2.62237e-14, -1.30564, 0.397503)
bind/26/name = &"neck"
bind/26/bone = -1
bind/26/pose = Transform3D(1, 1.364e-15, -1.74465e-14, -3.84301e-14, 0.995893, 0.0905356, 6.06797e-14, -0.0905358, 0.995893, -3.57712e-15, -1.52109, 0.15434)
bind/27/name = &"head"
bind/27/bone = -1
bind/27/pose = Transform3D(1, -2.22109e-22, -1.56002e-14, -4.2402e-14, 1, -1.41561e-07, 5.51048e-14, 7.45058e-09, 1, -1.29237e-15, -1.67086, 0.00308027)
bind/28/name = &"shoulder.l"
bind/28/bone = -1
bind/28/pose = Transform3D(3.12988e-07, 1, -7.45058e-08, 1.34909e-08, -6.70552e-08, 1, 1, -3.13916e-07, 5.94206e-15, -1.51614, 0.0490731, 0.128423)
bind/29/name = &"upperarm.l"
bind/29/bone = -1
bind/29/pose = Transform3D(-0.00492852, 0.999988, 9.7396e-08, -0.99954, -0.0049263, -0.0299264, -0.0299261, -0.000147732, 0.999552, -1.50466, -0.20362, -0.00609603)
bind/30/name = &"lowerarm.l"
bind/30/bone = -1
bind/30/pose = Transform3D(0.0441877, 0.999023, -0.00100462, -0.998506, 0.0441971, 0.0321324, 0.0321453, -0.00041688, 0.999483, -1.46729, -0.796435, 0.0397237)
bind/31/name = &"shoulder.r"
bind/31/bone = -1
bind/31/pose = Transform3D(3.12988e-07, -1, 7.45058e-08, -1.34908e-08, -6.70552e-08, 1, -1, -3.13916e-07, 4.08351e-14, 1.51614, 0.0490731, 0.128423)
bind/32/name = &"upperarm.r"
bind/32/bone = -1
bind/32/pose = Transform3D(-0.00492852, -0.999988, -9.7396e-08, 0.99954, -0.0049263, -0.0299264, 0.0299261, -0.000147732, 0.999552, 1.50466, -0.20362, -0.00609603)
bind/33/name = &"lowerarm.r"
bind/33/bone = -1
bind/33/pose = Transform3D(0.0441877, -0.999023, 0.00100462, 0.998506, 0.0441971, 0.0321324, -0.0321453, -0.00041688, 0.999483, 1.46729, -0.796435, 0.0397237)
bind/34/name = &"waist.r"
bind/34/bone = -1
bind/34/pose = Transform3D(-0.372438, -0.928056, -0.00165958, 0.920047, -0.369457, 0.130439, -0.121668, 0.0470534, 0.991455, 1.15276, 0.449806, -0.0572482)
bind/35/name = &"shin.r"
bind/35/bone = -1
bind/35/pose = Transform3D(-4.60158e-08, -0.0326051, -0.999468, -3.94988e-08, -0.999468, 0.0326052, -1, 1.17109e-07, 1.22907e-07, 0.0377695, 1.15777, 0.0830735)
bind/36/name = &"leg.r"
bind/36/bone = -1
bind/36/pose = Transform3D(-4.38729e-08, 0.0697336, -0.997566, 8.13988e-08, -0.997565, -0.0697336, -1, -8.12933e-09, 1.16293e-07, -0.0357727, 0.717601, 0.0830735)
bind/37/name = &"heelik.r"
bind/37/bone = -1
bind/37/pose = Transform3D(0, 0.0697336, -0.997566, 1, 0, 0, 0, -0.997566, -0.0697336, -0.0357728, -0.0830736, 0.0698417)
bind/38/name = &"foot.r"
bind/38/bone = -1
bind/38/pose = Transform3D(1.00403e-06, -0.956714, -0.29103, -4.48495e-08, -0.29103, 0.956714, -1, -9.88011e-07, -2.84975e-07, 0.0600741, 0.050484, 0.0830736)
bind/39/name = &"toe.r"
bind/39/bone = -1
bind/39/pose = Transform3D(3.13737e-07, -0.997334, -0.0729756, -5.29565e-08, -0.0729755, 0.997334, -1, -3.49533e-07, -2.55756e-08, 0.0383506, -0.102827, 0.0830736)
bind/40/name = &"handik.l"
bind/40/bone = -1
bind/40/pose = Transform3D(0.0452247, 0.998977, 0, 0, 0, -1, -0.998977, 0.0452247, 0, -1.46596, -5.96046e-08, -1.28362)
bind/41/name = &"hand.l"
bind/41/bone = -1
bind/41/pose = Transform3D(0.0111945, 0.999937, 0.000139715, -0.997693, 0.01116, 0.0669633, 0.0669575, -0.000889008, 0.997755, -1.5088, -1.23019, 0.0827743)
bind/42/name = &"forefinger1.l"
bind/42/bone = -1
bind/42/pose = Transform3D(-0.0844616, 0.996412, 0.00534557, -0.99493, -0.0846274, 0.0543267, 0.0545841, -0.00072995, 0.998509, -1.62701, -1.16618, 0.0457121)
bind/43/name = &"forefinger2.l"
bind/43/bone = -1
bind/43/pose = Transform3D(-0.0748931, 0.997183, 0.00407348, -0.996069, -0.0750019, 0.0471201, 0.0472928, -0.0005285, 0.998881, -1.61514, -1.24102, 0.0354881)
bind/44/name = &"forefinger3.l"
bind/44/bone = -1
bind/44/pose = Transform3D(-0.257377, 0.966199, -0.0147406, -0.96612, -0.256992, 0.0238342, 0.0192402, 0.0203756, 0.999607, -1.82296, -0.963377, -0.0354459)
bind/45/name = &"thumb1.l"
bind/45/bone = -1
bind/45/pose = Transform3D(-0.0930041, 0.995071, -0.0344214, -0.631102, -0.0321759, 0.775033, 0.770105, 0.0938046, 0.630983, -1.61216, -0.797362, 0.827212)
bind/46/name = &"thumb2.l"
bind/46/bone = -1
bind/46/pose = Transform3D(-0.289404, 0.952627, 0.09353, -0.873271, -0.302776, 0.381739, 0.391973, 0.0287996, 0.919526, -1.81287, -0.709997, 0.413142)
bind/47/name = &"thumb3.l"
bind/47/bone = -1
bind/47/pose = Transform3D(-0.398866, 0.916863, -0.0163573, -0.916695, -0.399133, -0.0190816, -0.0240241, 0.00738363, 0.999684, -1.89711, -0.619576, -0.112656)
bind/48/name = &"pinky1.l"
bind/48/bone = -1
bind/48/pose = Transform3D(-0.084563, 0.996404, 0.00534917, -0.996325, -0.0846273, 0.0132188, 0.0136239, -0.00421169, 0.999898, -1.62668, -1.16385, 0.0425433)
bind/49/name = &"pinky2.l"
bind/49/bone = -1
bind/49/pose = Transform3D(-0.0749786, 0.997177, 0.0040759, -0.997166, -0.0750022, 0.00597161, 0.00626038, -0.0036166, 0.999974, -1.61487, -1.23863, 0.0316538)
bind/50/name = &"pinky3.l"
bind/50/bone = -1
bind/50/pose = Transform3D(-0.256768, 0.966361, -0.014743, -0.96628, -0.256992, -0.0160588, -0.0193075, 0.0101225, 0.999762, -1.82247, -0.960862, -0.024873)
bind/51/name = &"middlefinger1.l"
bind/51/bone = -1
bind/51/pose = Transform3D(-0.084563, 0.996404, 0.00534882, -0.996325, -0.0846273, 0.0132188, 0.0136238, -0.00421134, 0.999898, -1.62699, -1.16644, 0.0196398)
bind/52/name = &"middlefinger2.l"
bind/52/bone = -1
bind/52/pose = Transform3D(-0.0749784, 0.997177, 0.00407552, -0.997166, -0.075002, 0.00597167, 0.00626042, -0.00361622, 0.999974, -1.61514, -1.24105, 0.00873172)
bind/53/name = &"middlefinger3.l"
bind/53/bone = -1
bind/53/pose = Transform3D(-0.25677, 0.96636, -0.0147429, -0.96628, -0.256994, -0.016059, -0.0193077, 0.0101222, 0.999762, -1.82272, -0.962706, -0.0478483)
bind/54/name = &"legpole.r"
bind/54/bone = -1
bind/54/pose = Transform3D(-0.243217, -0.967757, -0.0654748, -0.259945, -2.79396e-07, 0.965623, -0.934491, 0.251877, -0.251564, 0.741181, -0.358738, -0.0042198)
bind/55/name = &"armpole.r"
